1.8827 0.55646
13.75 2.862
2.028 0.4515
4.064 0.9022
2.036 0.4508
9.95 1.853
1.963 0.3354
5.886 0.9503
2.003 0.3024
3.923 0.6149
1.919 0.3126
11.86 2.305
1.915 0.4527
25.36 13.83
0.6959 0.9643
5.34 7.584
0.634 0.9229
1.147 1.93
0.5127 1.007
4.644 6.62
0.6625 0.7895
1.274 1.635
0.6111 0.8454
2.486 3.086
0.6067 0.748
1.212 1.452
0.6054 0.7036
3.498 4.69
0.5215 0.8078
1.012 1.603
0.4905 0.7953
11.61 10.97
0.9515 0.454
3.637 2.203
0.8982 0.578
1.767 1.22
0.8685 0.6423
2.685 1.749
0.9185 0.5287
5.528 2.924
1.015 0.3416
1.892 0.7207
0.8769 0.3791
6.275 3.385
0.7464 0.4617
61.87 6.563
1.918 0.08599
3.784 0.232
1.865 0.146
7.618 0.1873
2.008 -0.03426
3.835 -0.04472
1.827 -0.01046
9.376 0.0676
1.758 -0.1197
20.89 -2.493
1.546 -0.2466
11.51 -2.56
1.532 -0.1815
3.012 -0.4585
1.48 -0.277
4.5 -0.7426
1.489 -0.2841
7.136 -1.393
1.254 -0.3146
2.635 -0.6501
1.381 -0.3355
9.966 -2.314
1.425 -0.4827
2.831 -0.9208
1.406 -0.4381
36.51 -7.268
0.9894 0.1527
2.843 0.3693
0.9222 0.1086
1.854 0.2166
0.9319 0.108
3.882 0.3043
1.039 -0.06501
4.794 0.5004
0.9121 0.1961
15.62 -4.776
1.167 -0.3709
2.204 -0.7491
1.037 -0.3782
3.229 -1.092
1.025 -0.3426
9.001 -4.05
1.053 -0.4958
5.772 -2.958
0.9926 -0.3955
1.941 -0.834
0.9484 -0.4384
2.882 -1.325
0.9414 -0.491
4.72 -2.463
0.9222 -0.537
1.837 -1.138
0.9152 -0.6007
10.83 -5.276
0.4635 -0.2575
1.824 -1.226
0.8188 -0.5279
1.361 -0.9687
0.5417 -0.4407
48.18 28.78
0.2778 0.9964
0.3662 3.123
0.04129 1.082
0.08835 2.127
0.04706 1.045
1.125 4.84
0.3856 0.854
0.7584 1.717
0.3728 0.8628
0.1931 8.594
-0.1414 0.9454
-0.7146 2.889
-0.2608 1.053
-0.5733 1.943
-0.3125 0.8903
-0.9315 3.754
-0.2169 0.8649
0.235 11.39
0.2328 0.4159
0.3328 0.7797
0.1 0.3638
0.04187 2.796
0.02516 0.4798
-0.0477 0.9319
-0.07286 0.4521
-0.1837 1.434
-0.136 0.5018
-0.2909 2.016
-0.01034 0.3222
-0.1072 0.5826
-0.09691 0.2604
-12.49 22.63
-0.5215 0.8942
-0.9615 1.77
-0.4399 0.8759
-2.286 3.626
-0.5773 0.9521
-1.325 1.856
-0.7477 0.9037
-4.92 6.72
-0.5896 0.7894
-2.634 3.094
-0.6811 0.8386
-2.044 2.305
-0.6497 0.7317
-1.363 1.466
-0.7131 0.7347
-5.799 7.392
-0.8786 0.6721
-12.73 11.24
-0.5569 0.5926
-1.293 1.077
-0.736 0.4849
-6.93 3.844
-0.9517 0.6142
-1.922 1.097
-0.9706 0.4826
-2.972 1.628
-1.049 0.5311
-5.637 2.766
-0.835 0.423
-1.709 0.8329
-0.8742 0.4099
-2.665 1.139
-0.9562 0.3057
-13.69 22.22
0.2815 0.03786
0.4714 0.1229
0.1899 0.08505
1.271 -0.2285
0.262 -0.03439
0.6187 -0.2098
0.3566 -0.1754
0.7995 -0.3514
0.1123 -0.0268
0.1808 -0.1416
0.06856 -0.1148
1.262 -0.07538
-0.056 0.1927
-0.009376 0.1531
0.02771 0.006594
0.04662 -0.03961
0.01891 -0.04621
1.921 -0.785
0.3738 -0.4571
0.6594 -0.7097
0.2856 -0.2526
-1.194 -0.4066
-0.9037 0.1319
-1.94 0.3524
-1.036 0.2206
-3.115 0.3785
-1.175 0.02607
